Problem size 17
bst(17) = 129644790, time 0.427143
bst(17) = 129644790, time 0.424216
bst(17) = 129644790, time 0.425495
bst(17) = 129644790, time 0.425703
bst(17) = 129644790, time 0.425478
Problem size 18
bst(18) = 477638700, time 1.272373
bst(18) = 477638700, time 1.272472
bst(18) = 477638700, time 1.272913
bst(18) = 477638700, time 1.274808
bst(18) = 477638700, time 1.270658
Problem size 19
bst(19) = 1767263190, time 3.829886
bst(19) = 1767263190, time 3.812445
bst(19) = 1767263190, time 3.832702
bst(19) = 1767263190, time 3.825188
bst(19) = 1767263190, time 3.823942
Problem size 20
bst(20) = 6564120420, time 11.408033
